human_time,computer_time,0,1,2,3,4,5,6,7,8,9,10,11,12,13,14,15,16,17
2021-05-16 02:19:45.496616,1621120785.4966161,0.9979269755371941,0.06366255755901001,-0.009424980649024958,0.063868776826625,-0.9976817928058529,0.023490841840392553,-0.007907644520306099,-0.024044106736273343,-0.9996796237242186,0.7436802043297994,0.11978467958919695,-0.6577167963673278,0.11949869540925878,-0.9917907666068047,-0.045509746966688455,-0.6577688161379138,-0.044751601191468454,-0.7518892729034821
2021-05-16 02:19:45.607682,1621120785.6076827,0.9978167676243977,0.06510729645991829,-0.011078727150693283,0.06535438015088364,-0.9975822416087204,0.02363210151498528,-0.009513319225852966,-0.024304550491648563,-0.999659334764952,0.743781053636954,0.12045925601780735,-0.657479514426373,0.12102852057963323,-0.9916390539740705,-0.044766994981976,-0.6573749626027814,-0.0462769302465852,-0.7521413459383448
2021-05-16 02:19:45.718487,1621120785.7184875,0.9977485297447384,0.06602429486721438,-0.011775562810323425,0.06629018869364127,-0.9975156674926471,0.02383493213038571,-0.010172623809724736,-0.02456187277032813,-0.9996465536032424,0.7456871742104583,0.1211484693341873,-0.6551898095941399,0.12248248779047638,-0.9914977975555064,-0.043933559237056954,-0.6549417366473734,-0.04748858621357001,-0.7541857568111179
2021-05-16 02:19:45.829508,1621120785.8295088,0.9978392970491073,0.06507284702485355,-0.00906983156535314,0.06527413234488696,-0.9975782909884422,0.024017514342690015,-0.007484979035778918,-0.024557645014519344,-0.9996703942601156,0.7462307601877759,0.11987465919783215,-0.6548050997295135,0.12126709155514244,-0.9916730358238323,-0.04334607855044418,-0.6545486575154907,-0.04706013283181607,-0.7545537746526226
2021-05-16 02:19:45.940329,1621120785.9403296,0.9978932079921471,0.06431575041344227,-0.008522305550588987,0.06451875050747545,-0.9975728270010359,0.026187509658530308,-0.006817351105520031,-0.026682186528043068,-0.9996207203964848,0.7464422293667737,0.1182247343256014,-0.6548640396384595,0.11952638332009108,-0.9919067313864239,-0.042830829092133954,-0.6546277124506565,-0.04630279067121007,-0.7545320468129096
2021-05-16 02:19:46.041092,1621120786.0410922,0.9978950487656659,0.06421077256126975,-0.009080106610283977,0.06444497707723426,-0.9975166379842353,0.02841481786221588,-0.0072330200113082535,-0.028940173318642026,-0.9995549758716642,0.7449821239691788,0.11701342767030498,-0.6567415722422466,0.11847538674646219,-0.9920529063321556,-0.04236288202188302,-0.6564794114834432,-0.04624812193776164,-0.7529248923468944
2021-05-16 02:19:46.150404,1621120786.1504047,0.9977766333928163,0.06587351642329249,-0.010122731317603016,0.06613880871394913,-0.9974005693732201,0.028596541676863586,-0.00821266322198913,-0.029202466471295947,-0.9995397781553247,0.7461700145702306,0.11821761217230303,-0.6551754768980145,0.1205734827492845,-0.9918305748154381,-0.04164308008523613,-0.6547460153479132,-0.04792397138756708,-0.7543281436831544
2021-05-16 02:19:46.259756,1621120786.2597563,0.9978455435509549,0.06451835086647954,-0.011901832504683706,0.06485761457061394,-0.9974207438137307,0.03074653870396081,-0.009887418657536121,-0.03145222109063702,-0.9994563505930395,0.7459659912404843,0.11691753399008246,-0.6556409308137187,0.1192754917511744,-0.9920063191031276,-0.04119247415462059,-0.6552160689269738,-0.04747370962060442,-0.7539483735075907
2021-05-16 02:19:46.382961,1621120786.382961,0.9979251818448426,0.06365854808048985,-0.009639538174690111,0.06394452000090631,-0.9974067370831078,0.03302876296626445,-0.007511977222478673,-0.03357662993083063,-0.9994079147778933,0.7448822253695802,0.11597736554222224,-0.6570385993306238,0.11861616061508512,-0.9921078500428739,-0.040647513137247855,-0.6565673436665873,-0.0476577859870994,-0.7527602929654362
2021-05-16 02:19:46.481990,1621120786.48199,0.9979800456976113,0.06287789280283224,-0.009066365648341224,0.06314623739803754,-0.9974518752521555,0.03320104303224918,-0.006955651792935694,-0.03370648532009996,-0.9994075703913301,0.7437212393215851,0.11473354767599725,-0.6585703692238555,0.11754700576520646,-0.9922564980176745,-0.04012160985473463,-0.6580740229013756,-0.04757368158321032,-0.7514488174207337
2021-05-16 02:19:46.591343,1621120786.5913436,0.9980009613538812,0.06267417310257582,-0.008125833042677305,0.06291212559235655,-0.9974601562922114,0.033396123472178116,-0.006012120273303033,-0.033840576759650104,-0.9994091603414459,0.7427195201481466,0.11367213761331986,-0.659883595432805,0.11673451185038271,-0.992374996210959,-0.03955907782484604,-0.6593487454556656,-0.047649890091351066,-0.7503257424881026
2021-05-16 02:19:46.716225,1621120786.7162259,0.9981896432676202,0.059728428909915324,-0.007067591754971391,0.05993328774704394,-0.9976364505034129,0.03360823778155986,-0.005043519910913416,-0.03397097889235791,-0.9994100937553131,0.740817844399524,0.11246281670917385,-0.6622243096391749,0.11455423957725633,-0.9925944126136031,-0.040418538359680706,-0.6618657323159431,-0.04591782775889108,-0.7482147455642568
2021-05-16 02:19:46.825467,1621120786.8254669,0.9981868139659097,0.05979489094407107,-0.006903292082298649,0.06000445837139299,-0.997557632866945,0.035752399702023575,-0.004748620867435625,-0.0361018022525765,-0.9993368353433058,0.7392396260743787,0.11185485207107346,-0.6640882978261035,0.11319752276074,-0.9927179394941955,-0.04119967775639556,-0.6638607505209545,-0.04471671582928867,-0.7465181305522312
2021-05-16 02:19:46.936999,1621120786.937,0.9982109147537931,0.059619022535765974,-0.0045323082723648465,0.05974364775525621,-0.9975676364033171,0.035909711132161806,-0.002380382173473,-0.03611624222672209,-0.9993447607448237,0.7376936298933113,0.11104322422709507,-0.665941071543182,0.11156269556050237,-0.9928705440610727,-0.041974369502646915,-0.6658542433401661,-0.04332995602491604,-0.7448225570810635
2021-05-16 02:19:47.048160,1621120787.04816,0.9980988888471812,0.061481710934877684,-0.004313618265820576,0.061597534330862,-0.9974497637256102,0.036051527125534326,-0.002086107950552206,-0.03624869741445893,-0.9993406226554459,0.739007383248365,0.11275484556573429,-0.664194574131596,0.113252456374691,-0.9926565859011158,-0.04250627709220902,-0.664109907040622,-0.04380921442560173,-0.7463503092395076
2021-05-16 02:19:47.157627,1621120787.1576276,0.9981154957756769,0.061060398972654605,-0.00608972657638048,0.06124914537132697,-0.9973913913403446,0.038196265150585544,-0.003741561673538344,-0.038497274675904254,-0.9992517003031677,0.7406922672148533,0.11256316543880442,-0.6623477176487567,0.113582599810876,-0.9926539115978856,-0.041679788982429564,-0.6621736617446536,-0.044359278350913384,-0.7480362933146114
2021-05-16 02:19:47.266999,1621120787.2669995,0.9981685250064996,0.0602750911033573,-0.005148696808981879,0.060428749664266534,-0.9974340963645669,0.038387362808781945,-0.0028216839586050085,-0.038628186624298406,-0.9992496691506862,0.7402279301166054,0.11203691089192915,-0.6629557617768175,0.11352505928059915,-0.9926886687126525,-0.04100326724590049,-0.6627025519723181,-0.04491032851467705,-0.7475348754419965
2021-05-16 02:19:47.376250,1621120787.3762505,0.9981923296674596,0.05989219942300892,-0.0049997441258992584,0.060040768878673594,-0.9974520389445029,0.038529677884870196,-0.0026793778209940745,-0.038760217410750995,-0.9992449481887632,0.7396149225882017,0.11152948371975781,-0.6637250489065883,0.11348562542100092,-0.9927199105775727,-0.04035086077967628,-0.6633933818690484,-0.04547915351082101,-0.7468874530264159
2021-05-16 02:19:47.485919,1621120787.485919,0.9981136391417229,0.06105782539774795,-0.00641134283629773,0.06126096695227307,-0.9973715515115089,0.038692146019548145,-0.004032032655984727,-0.03901192373138825,-0.9992306102794477,0.7402591342463651,0.11309803613537571,-0.662740709770528,0.11493624305160484,-0.9925265379777228,-0.04099672478550569,-0.6624243913066641,-0.04582472730172357,-0.7477258990898459
2021-05-16 02:19:47.595307,1621120787.5953078,0.9981675871114888,0.0602186673580942,-0.0059312849909374165,0.06040429794517385,-0.9974174549353261,0.03885539061813031,-0.003576147337454893,-0.03914246660536382,-0.999227240660636,0.7396630485302506,0.11210891531442241,-0.6635737831966844,0.11424832520068223,-0.9926323075234981,-0.04035371419603316,-0.6632087867540475,-0.04596404211554546,-0.7470216944671854
2021-05-16 02:19:47.704615,1621120787.704615,0.9982201379982155,0.05932322753342978,-0.006108254238389522,0.05952436731028149,-0.9973854468616704,0.04097706779232297,-0.003661391966804074,-0.04126772423532534,-0.9991414159893998,0.7389167446402172,0.11143382718824237,-0.6645182816510654,0.11397705550588967,-0.9926887569699749,-0.03972735334266729,-0.664086798023053,-0.04638463046728655,-0.7462152442478658
2021-05-16 02:19:47.813993,1621120787.8139935,0.9982938643775318,0.058135931399560074,-0.005438182277228107,0.05831095593455963,-0.9974499583321547,0.041151100121154596,-0.0030319571521639646,-0.04139799637046568,-0.9991381351606688,0.7394978869560526,0.11270456577153923,-0.6636569565986498,0.11502021453970923,-0.9925415841714716,-0.04039249853159616,-0.6632595460562724,-0.04646379821575638,-0.7469457075454634
2021-05-16 02:19:47.921013,1621120787.921014,0.9983282879095692,0.05753595312589806,-0.00549942337367267,0.05770809225638188,-0.9975603055871454,0.03928374733919891,-0.003225778615676228,-0.03953543745521934,-0.9992129620544097,0.7385996140848822,0.11368847446502142,-0.6644889320729727,0.11579198692346843,-0.9924232524205755,-0.04108897442480838,-0.6641256099850229,-0.04659419308007608,-0.7461676455953034
2021-05-16 02:19:48.034283,1621120788.034283,0.9983418830586922,0.057390928339788184,-0.004445882940687185,0.05752198488036763,-0.9975633249709309,0.0394795380971442,-0.002169282426922308,-0.0396698124174844,-0.9992104884340006,0.7395301720783651,0.11459326520264868,-0.6632974507383089,0.11768751109252906,-0.9922363294792831,-0.0402084094975843,-0.6627554408064786,-0.04832649409666508,-0.7472748996518854
2021-05-16 02:19:48.143715,1621120788.1437154,0.9982295306669206,0.05914688888866108,-0.006280894784327067,0.05934205624507916,-0.9975286302222511,0.03761850937404747,-0.004040354576676021,-0.037924628168405514,-0.9992724343807263,0.7402170809826942,0.11514421647392288,-0.6624352665989831,0.11776420181967408,-0.9922001185178744,-0.040871965733141405,-0.6619745205000224,-0.04775703325922162,-0.7480033422271875
2021-05-16 02:19:48.253104,1621120788.2531052,0.9981086929416351,0.061031135807474796,-0.007364613797766568,0.061267034360271866,-0.9974054386268588,0.0377986970444862,-0.0050386084426111465,-0.03817841614856686,-0.9992582353752953,0.7413321284248214,0.11387576177893549,-0.6614068235544536,0.11791694183786894,-0.9922700446159521,-0.038674971046682306,-0.6606983201073918,-0.0493200713414348,-0.7490295457257657
2021-05-16 02:19:48.377881,1621120788.3778818,0.9980314700970662,0.06214605779580392,-0.008429246486456541,0.062410740919809034,-0.9974017377622776,0.035981563704619725,-0.006171232756047628,-0.03643680843912831,-0.9993169041285358,0.7412659898947795,0.11466152522634819,-0.661345194930817,0.11958784182204045,-0.9920974187389164,-0.03796656186601417,-0.6604721646774067,-0.05094552349664065,-0.7491201995154009
2021-05-16 02:19:48.488999,1621120788.4889994,0.9979689239173877,0.06295545551510742,-0.00972818153904804,0.06326825549737156,-0.9973417011740109,0.03614773776668683,-0.007426623828541359,-0.03668980403620568,-0.9992991061430478,0.7415738527964137,0.11308230675254502,-0.6612719657963785,0.11926933830381553,-0.9922118696936126,-0.03592256365678834,-0.6601840999215699,-0.05223023586610841,-0.7492856308992706
2021-05-16 02:19:48.599402,1621120788.599403,0.9980441804114313,0.06187589695810667,-0.00889872589218559,0.06217334737200899,-0.9973289097680134,0.038334326882124174,-0.006502985732261153,-0.03881261543075667,-0.999225345985574,0.7406042100749028,0.11171867609348182,-0.6625891196142968,0.11806399516044258,-0.9923762680560231,-0.03535867143933842,-0.6614879417389892,-0.05204113768087498,-0.7481479953343428
2021-05-16 02:19:48.708903,1621120788.7089038,0.9979991916138183,0.062498874238952076,-0.009565785750734801,0.06282325418370223,-0.9972802644372795,0.03853975736405491,-0.0071310778943473666,-0.03906360048400475,-0.9992112803833287,0.7424701612315716,0.11232865666266684,-0.6603940736962477,0.11938723796132347,-0.9922464528539712,-0.03454944588091717,-0.6591545699551287,-0.05319069177095567,-0.7501239918948046
2021-05-16 02:19:48.818185,1621120788.818185,0.9979243088917671,0.06377962171345287,-0.008901324450763446,0.06407818112929926,-0.9971940687605274,0.038703694035391034,-0.0064078409819239065,-0.039193737802272685,-0.9992110840513315,0.7427721207423533,0.11279413116431616,-0.6599750454545945,0.12064367370046941,-0.9921209319009198,-0.03378106688820802,-0.6585853632172232,-0.05453017934078301,-0.7505276669764417
2021-05-16 02:19:48.927452,1621120788.9274518,0.9980169337473734,0.06249568214249252,-0.0075159608192109095,0.06274208247207907,-0.9972703563802041,0.038926435392516175,-0.005062710791483151,-0.039320808725730065,-0.9992138124348546,0.7420314528982137,0.11114826414197033,-0.6610865195176747,0.11907433619070519,-0.992330580837385,-0.03318615367409962,-0.6597049532711643,-0.054093268649295256,-0.7495754084255473
2021-05-16 02:19:49.043919,1621120789.0439193,0.9980497451036503,0.0620828156769899,-0.006513854170622398,0.06229095621158356,-0.9972909291405494,0.039123387228445355,-0.004067317640142978,-0.03945284085585217,-0.9992131555757349,0.7424062635186597,0.10966302928479069,-0.6609137310544742,0.11756516283342502,-0.9925290977583605,-0.03262548989556223,-0.6595539192334565,-0.05347906236143557,-0.749752370795004
2021-05-16 02:19:49.148287,1621120789.1482878,0.9980712201196976,0.06178427061446944,-0.006045119801644437,0.06198181850487109,-0.9972230703288746,0.04128440599889518,-0.003477606016708378,-0.041579464985620006,-0.9991291479823329,0.7415128217297198,0.10841140882878167,-0.6621221198889129,0.11651762567392135,-0.9926715319351544,-0.03204485282889831,-0.6607438067191709,-0.053387228072569654,-0.7487105086486943
2021-05-16 02:19:49.257819,1621120789.2578194,0.998136039157287,0.060809615202407796,-0.005161204737122588,0.0609768870722123,-0.9971921433105296,0.04347008813811189,-0.002503313481382396,-0.043703775794405236,-0.9990413972418394,0.740838064098861,0.1073190060875359,-0.6630547441310073,0.11569615362888776,-0.9927875974318945,-0.03141952292584431,-0.6616444383637883,-0.05343610500205159,-0.747911237958407
2021-05-16 02:19:49.367165,1621120789.367165,0.998185025862944,0.06020397360296106,-0.0014614052853991245,0.06021026609324969,-0.9972284411788487,0.04370537679718602,0.0011738824363161542,-0.04371404426975279,-0.9990433946198775,0.7397988053827989,0.10640307593029076,-0.664361432494961,0.11376957444348891,-0.9929804660819774,-0.032346219416908475,-0.6631396621264115,-0.051654422968339594,-0.7467111952439691
2021-05-16 02:19:49.476470,1621120789.47647,0.9980776091129143,0.061835852050309066,-0.004172959221103911,0.061959462326829286,-0.9971174794470304,0.043792204892781746,-0.0014530022776755018,-0.04396657346682185,-0.9990319460367459,0.7421241416495347,0.10803350114899123,-0.6614986931282877,0.11649003262413464,-0.992694271564173,-0.031434940796897605,-0.6600619900283379,-0.053729375886635074,-0.7492872102783174
2021-05-16 02:19:49.587846,1621120789.587846,0.9981397341237706,0.06079249905919783,-0.004619872451256954,0.06094072405622766,-0.9970857407391815,0.04589394040720657,-0.0018164016161540924,-0.04609010384816836,-0.9989356350698646,0.7419825650806545,0.10907920127537138,-0.6614859038297487,0.11718664992108277,-0.9925867591124623,-0.0322306486886688,-0.6600978428964952,-0.05360273765159587,-0.7492646957648866
2021-05-16 02:19:49.697360,1621120789.6973605,0.9980320568927055,0.06260895990924195,-0.0034830379840894575,0.06270407225893124,-0.9968728497674784,0.048090755022283105,-0.00046123384785233144,-0.04821451581784736,-0.9988368974601349,0.7423660398765581,0.10823733965543837,-0.661193875608592,0.11654423356428235,-0.9926810814430709,-0.03164983677571844,-0.6597803456158049,-0.05356256948027122,-0.7495471610844513
2021-05-16 02:19:49.806696,1621120789.8066964,0.99812334146394,0.06115797656618645,-0.003081740934718886,0.06123557156053698,-0.9968579749949763,0.05024323302266525,7.164401666117075e-07,-0.050337655798073026,-0.9987322566174789,0.7425096601102482,0.10751154974395924,-0.6611510200511045,0.11604624839060654,-0.9927565347602564,-0.031108373877044623,-0.6597065051046788,-0.05362582738252643,-0.7496076292035122
2021-05-16 02:19:49.916085,1621120789.916085,0.9981691918254593,0.060482878187968214,-0.0002931494661945757,0.060415068097486105,-0.9967960371928785,0.0524183153425417,0.0028782003554734936,-0.0523400581072798,-0.9986251720640938,0.7415879016588096,0.10655381786492718,-0.662339541331855,0.11539354022082454,-0.9928507369107251,-0.03052449985070678,-0.6608568036939538,-0.05379310470904959,-0.7485817169135061
2021-05-16 02:19:50.040901,1621120790.040902,0.9982247512670065,0.05955959328457312,2.838485153815965e-05,0.05946932339720089,-0.9967378224543842,0.0545629257240843,0.0032780379196556695,-0.05446437493140848,-0.9985103336123912,0.7404975179708209,0.10543425849284338,-0.663737179171936,0.11451733637554623,-0.9929690293626161,-0.029971426327665623,-0.6622304776650683,-0.05381564700650707,-0.7473651521102433
2021-05-16 02:19:50.151411,1621120790.1514115,0.9982027973309918,0.05987610741151895,0.0024550278668896736,0.059640929444045886,-0.9966074878518508,0.05671397264055153,0.005842511072586817,-0.05646562599375954,-0.9983874489122445,0.7399668186459917,0.10477526707481784,-0.6644330295163923,0.11428887044334814,-0.9930151423959442,-0.029308378753294145,-0.6628628526291951,-0.05425007264293341,-0.7467729027104041
2021-05-16 02:19:50.260919,1621120790.2609193,0.9980909716111356,0.06170356997449933,0.002661172813204018,0.06144046428031352,-0.996373657360054,0.05886088911976419,0.006283449479321848,-0.05858501831826735,-0.998262647749223,0.7404162700967202,0.10573864088257041,-0.6637793961854854,0.11490013252691898,-0.9929238031932998,-0.03000467625971131,-0.6622550162296676,-0.05405239010867547,-0.7473263227012564
2021-05-16 02:19:50.370242,1621120790.3702419,0.9980001598968726,0.06321098781716696,0.00022773887342297816,0.06308758691095571,-0.9962643140208096,0.0589692545857422,0.003954392945713384,-0.05883695800960004,-0.9982597733799592,0.7410273320160699,0.10661057718380752,-0.6629575235546252,0.11539645507062259,-0.9928457731260234,-0.030674565081238798,-0.6614848081114788,-0.05377225695769884,-0.7480283370430534
2021-05-16 02:19:50.479465,1621120790.4794652,0.9980978483746361,0.061643774402451626,0.0008544865955115589,0.06148548896196859,-0.9963546897026763,0.05913431283604656,0.004496633966635268,-0.05896929188063421,-0.9982496696208154,0.7418129930024616,0.10559314799764954,-0.6622413234680216,0.11453837591666391,-0.9929649638572163,-0.030025672255764073,-0.6607529370764107,-0.05357861185196993,-0.7486887794650813
2021-05-16 02:19:50.588901,1621120790.5889013,0.9981685810320379,0.060484587845139465,0.0010480809566092333,0.06030689218361901,-0.9962977620412433,0.061268655173453264,0.004750010067500116,-0.06109324009097713,-0.9981207609400503,0.7405455752721107,0.10469744855469598,-0.663800192234859,0.11395538300042346,-0.9930478690334771,-0.029497465879239924,-0.6622736757792248,-0.05379938730326688,-0.7473280432953574
2021-05-16 02:19:50.700373,1621120790.7003734,0.9982328013161412,0.05940695406621244,0.0014450553984634387,0.059206262495740104,-0.9963545183902496,0.061418988632343886,0.005088502512058146,-0.06122489274722654,-0.9981110257132098,0.7411991943216091,0.10399906544583062,-0.6631801781743719,0.1135216342281401,-0.9931162050785501,-0.028862463036819597,-0.6616166510141429,-0.053892463265035925,-0.7479030749395651
2021-05-16 02:19:50.809915,1621120790.809915,0.9982506722080414,0.059099018150070105,0.0017033760274922434,0.058882332870319264,-0.9963649458957534,0.06156107102626795,0.005335383017391597,-0.06135308177956484,-0.9981018650639862,0.7402185495515374,0.10327052507794447,-0.6643882129823979,0.1131788653695212,-0.9931721080390177,-0.02827911326407051,-0.6627722409195231,-0.05426197990729767,-0.7468524581221208
2021-05-16 02:19:50.919077,1621120790.9190779,0.9982618298052958,0.058904468350247104,0.0018928185749904386,0.05867576632459492,-0.9963686024337358,0.06169896701295761,0.005520289847881539,-0.06148066112705065,-0.9980930090464398,0.7396189832497075,0.10285476322043906,-0.6651200322494707,0.11327652724436162,-0.9931794742599092,-0.027621735721500222,-0.6634245910366353,-0.0549129273639497,-0.7462254233247452
2021-05-16 02:19:51.028581,1621120791.0285814,0.9982539839531447,0.05901245300249539,0.0025522367255586625,0.05874199139580626,-0.9963544405526422,0.06186442627137861,0.006193703942717978,-0.06160648652260645,-0.9980812987175994,0.7402688892071964,0.10208075768343076,-0.6645159821875773,0.11274115310884776,-0.9932578203493775,-0.026987677011762176,-0.6627906185724352,-0.05494016040730623,-0.7467865656978495
2021-05-16 02:19:51.150175,1621120791.1501756,0.9981532114334895,0.06074307420184259,0.0006674140554100642,0.06058488967625021,-0.9962351722949019,0.06200768198750805,0.004431438584534944,-0.0618527317024623,-0.9980754490182668,0.7407909225250678,0.10339291029386542,-0.6637309057181413,0.11514748176254426,-0.99300363988365,-0.026169230435134402,-0.6617929181762252,-0.05704101400560235,-0.7475135157125984
2021-05-16 02:19:51.249355,1621120791.2493556,0.9980960092391766,0.06167159309351741,-0.0009853659914268362,0.06161348667075425,-0.996162390588611,0.06216325150003248,0.002852122210255515,-0.06210560507789228,-0.9980655084796823,0.7409496633971904,0.10267645128416943,-0.6636649325249003,0.11598897685967795,-0.9929574561766115,-0.024125659997572685,-0.6614681803069865,-0.05910191684677382,-0.7476408294538237
2021-05-16 02:19:51.358709,1621120791.3587096,0.9980429529292303,0.06253173095987367,-0.00021617461546533383,0.06242354021534411,-0.9961006385755726,0.06234436186472899,0.003683169190481393,-0.06223584539876465,-0.9980546747609651,0.7415103102305756,0.10378007857325726,-0.6628666193987176,0.11810929165350874,-0.9927271614740028,-0.023301890414217638,-0.6604639695296499,-0.06101211488793311,-0.7483748170469393
2021-05-16 02:19:51.468097,1621120791.4680972,0.9981155660866191,0.06133558158580349,-0.0018064238481649265,0.0613242727068668,-0.9960321224429248,0.06449298131437678,0.002156458337600429,-0.06448222618190197,-0.9979165256643786,0.7420309576146741,0.10251417590239463,-0.6624808689166074,0.11689831480159112,-0.9928842853361005,-0.02270638520702042,-0.6600945704503244,-0.06059405640551213,-0.7487346114547716
2021-05-16 02:19:51.592872,1621120791.5928724,0.9980279774429045,0.06275420345995698,-0.001437424548318235,0.06271573632101841,-0.9959353890309167,0.06464856760632431,0.0026253873882301493,-0.0646112283116744,-0.9979070580555681,0.7417633820636473,0.1034328766066762,-0.6626377027202479,0.11741958145335112,-0.992803627710036,-0.023528678184554175,-0.6603027539854875,-0.06035392980295956,-0.7485704216949265
2021-05-16 02:19:51.704305,1621120791.7043054,0.9979803923117885,0.06350030262322413,-0.0016876397624058835,0.06347615529266536,-0.9958796309168867,0.06476525638108095,0.0024319273159639047,-0.0647415808550013,-0.9978990998281967,0.7423572363810677,0.10231447554730841,-0.6621461180782858,0.11640980677341495,-0.9929368486710931,-0.022916619255358327,-0.6598139817248799,-0.06006798352365507,-0.7490242632089844
2021-05-16 02:19:51.813799,1621120791.8137991,0.9978923795131225,0.06487581235493482,-0.0013884815179898554,0.06482897771377634,-0.9957826383322175,0.06491641429341828,0.002828879323195553,-0.0648696089661046,-0.9978897390365127,0.7425408495524177,0.10115933942801288,-0.6621177197390669,0.11533653230996878,-0.9930743796626595,-0.02237768469559051,-0.6597958555952628,-0.05975001677080782,-0.7490656609638457
2021-05-16 02:19:51.923144,1621120791.9231446,0.9980080658608422,0.06306090867885665,-0.0017950691624197973,0.0630440618872213,-0.9958907130726268,0.06501641236222866,0.002312301334424453,-0.0650000724022062,-0.9978825801918013,0.7409707314702615,0.10231116630212049,-0.6636978230748731,0.1163326677952234,-0.9929395930224868,-0.023187820337077877,-0.6613842192765653,-0.060028242171816557,-0.7476413074688223
2021-05-16 02:19:52.032362,1621120792.0323625,0.998075141248952,0.061941988431470876,-0.0030335606208321975,0.062005731922305726,-0.9958117745012173,0.06718778887205881,0.0011408898561612486,-0.06724656001531024,-0.9977357358220881,0.7405764058769994,0.10125533246492255,-0.6642995895721476,0.11558185579952218,-0.9930428559791403,-0.022510459762757718,-0.6619572657417127,-0.06011026398386782,-0.7471273883987558
2021-05-16 02:19:52.141700,1621120792.141701,0.9981212579803737,0.061227842016997366,-0.0022595861607920286,0.06124084483765213,-0.995847171745858,0.06736445241628634,0.001874377562565093,-0.06737627095437311,-0.9977258765918803,0.740272023055842,0.10030733977842392,-0.6647824978648179,0.11497967750968412,-0.9931282930938267,-0.02181438095182134,-0.6624024499053275,-0.060287901299663424,-0.7467183962621399
2021-05-16 02:19:52.253318,1621120792.2533185,0.9981720351605481,0.060374038938343956,-0.0027502083049738275,0.06042191950309512,-0.9958905134867726,0.06746315135400811,0.0013341165657143063,-0.06750600395019425,-0.9977179759649843,0.7397774151645762,0.09948208665772987,-0.665456753250459,0.11453710054128402,-0.9931938468621626,-0.02114793499930533,-0.6630313933834614,-0.0605747223630697,-0.7461367665506258
2021-05-16 02:19:52.362824,1621120792.3628244,0.9980879234831376,0.06144604080274894,-0.006699333309038328,0.06176378190908662,-0.995661789293811,0.06959049205554928,-0.0023942099752240725,-0.06987120587132868,-0.9975531476310829,0.7403391831640029,0.0988905426418402,-0.6649199609336897,0.11556215986473346,-0.9931179029869575,-0.019032024962842044,-0.662226004532784,-0.06274943300772398,-0.746672101780798
2021-05-16 02:19:52.472151,1621120792.4721513,0.9981450081545336,0.06041417192309184,-0.007527982932604917,0.060793013775751414,-0.9957072090282744,0.06979515287744517,-0.0032790505101000745,-0.07012333220812988,-0.9975329398610258,0.7400837368627922,0.09818768546578839,-0.6653083802674343,0.11529383083361357,-0.9931624574946778,-0.01832117886062069,-0.6625582200855377,-0.06314674533183927,-0.7463438172525316
2021-05-16 02:19:52.581481,1621120792.5814815,0.9981738186379453,0.06000293842921382,-0.006976758961199838,0.06034997766506009,-0.9955802822742349,0.07195680469963811,-0.0026283039339952837,-0.07224644577150552,-0.9973833481123574,0.7407792588386681,0.09927000031276752,-0.6643730553780284,0.11606201888555549,-0.99306074978762,-0.01897248016098538,-0.6616462026239117,-0.06305405830835284,-0.7471602828605148
2021-05-16 02:19:52.690868,1621120792.690868,0.9981948101512758,0.059695402800929394,-0.006601505244540623,0.060020903972545205,-0.9954424393253224,0.0741069570038504,-0.002147573835148422,-0.074369408189704,-0.9972284487779798,0.7405620991705167,0.09824227148297177,-0.6647678040985621,0.11403298902217002,-0.993280499125584,-0.019756707000424114,-0.6622418400303833,-0.06117439129813247,-0.7467887513631116
2021-05-16 02:19:52.801343,1621120792.8013434,0.9980899036373594,0.06166701459925899,-0.0037045333823715896,0.06176980250697609,-0.9951707658617639,0.07628655367992081,0.0010177206962116263,-0.07636966730662802,-0.9970790531146763,0.7420600138811921,0.09944401322279706,-0.6629161515853941,0.11610478132374802,-0.9930551882486336,-0.019001916909499917,-0.6602019505821,-0.06286717209017001,-0.7484524721857597
2021-05-16 02:19:52.910647,1621120792.910648,0.9980072617155429,0.06285142261530008,-0.005586075391267613,0.06309603664202662,-0.9949219092904322,0.07841737418422762,-0.0006290652684852599,-0.07861356809809664,-0.9969049659760825,0.7424957043747014,0.10033868053360488,-0.6622931965329939,0.11793432220279816,-0.9928545371560158,-0.01820339790477888,-0.6593873100323377,-0.0645911544833215,-0.7490236031867281
2021-05-16 02:19:53.020039,1621120793.020039,0.9982426580477916,0.05909683666705655,-0.004377162280218623,0.059258468501930436,-0.9952971710965427,0.07662881388893825,0.00017194326345277124,-0.0767535347926534,-0.9970500816570586,0.7407021048390428,0.09842264237598822,-0.6645851152070291,0.11487895469732157,-0.9931967732233045,-0.019052438858765612,-0.661938983332046,-0.062234661777377666,-0.7469696307205489
2021-05-16 02:19:53.144855,1621120793.1448555,0.9982625755523574,0.058732534670170984,-0.004724364802951435,0.05892191598158698,-0.9953086450579142,0.07673922654052674,-0.0001951118474313009,-0.0768842665582279,-0.9970400049582618,0.7397221216628449,0.09743678420612278,-0.6658207384921175,0.11420825811604798,-0.9932850541234379,-0.01847363075026414,-0.6631497994425675,-0.062376873427324085,-0.7458830130527938
2021-05-16 02:19:53.256086,1621120793.2560866,0.9983066818263984,0.05804151034622108,-0.0038667942143108423,0.05816556499565811,-0.9951830070988659,0.0789148238950999,0.0007321676735472949,-0.0790061102598291,-0.996873862869375,0.7390190760676913,0.09636479411700309,-0.6667568009873193,0.11343116339500527,-0.9933855526364426,-0.017846988094512583,-0.6640663945562308,-0.062441734985325834,-0.7450616439953885
2021-05-16 02:19:53.365876,1621120793.365877,0.9983346647706088,0.05766738638879941,-0.001539371443369133,0.057602263383287985,-0.9950434954282708,0.0810581362912499,0.0031426693236909884,-0.08101181860058097,-0.9967081864199512,0.7398917618154053,0.09733366947770454,-0.6656473072008182,0.11405080583186906,-0.9933031547087898,-0.01847313007227193,-0.662987627702657,-0.0622494950306486,-0.7460378045927916
2021-05-16 02:19:53.475357,1621120793.4753573,0.998344094452242,0.05750932812619037,-0.0013214578340725903,0.05741977320928545,-0.9948778274453639,0.08319301714799916,0.00346968542194927,-0.08313113517850713,-0.9965325763099798,0.7404948911801216,0.0962078742038844,-0.6651401063515188,0.11303221056360087,-0.9934308819213914,-0.017855033463774567,-0.6624885172674662,-0.06196069549364555,-0.7465050814982429
2021-05-16 02:19:53.584552,1621120793.5845525,0.9982717007269237,0.058603661064781425,-0.0043843400392115355,0.05876515177332672,-0.9947932234263821,0.08326523621539973,0.0005181359214416555,-0.08337897537600626,-0.9965177760584174,0.7421510471660151,0.09761844273915711,-0.6630855622222289,0.11538621728427247,-0.9931740409251228,-0.017068839834315428,-0.660225600875348,-0.06384327740369188,-0.7483489773355352
2021-05-16 02:19:53.693921,1621120793.6939216,0.9981782619100421,0.060095633896389306,-0.005354646285105159,0.06033291681687679,-0.9946833382740199,0.08345654982336483,-0.0003108031777042724,-0.08362757527659818,-0.9964970306301679,0.7420527197740594,0.09845700419470672,-0.6630716246386398,0.11580647579449836,-0.9931111642909163,-0.017862685262846813,-0.6602625396310017,-0.06353293386696984,-0.74834279917313
2021-05-16 02:19:53.804573,1621120793.8045735,0.9981271641940185,0.06105567886649568,-0.0037905377136619985,0.06115857107612238,-0.9946139779292335,0.08368192213204421,0.0013391347707490473,-0.08375702350213966,-0.996485307333795,0.7418043965375329,0.09937599735228621,-0.6632123705328672,0.11765110962546961,-0.992906295134866,-0.017184454761513403,-0.6602154600442816,-0.06528016721633895,-0.7482339514394709
2021-05-16 02:19:53.921695,1621120793.9216952,0.9982095606500966,0.05944686536385986,-0.006613866127470934,0.05978894771827799,-0.9948563343109625,0.08176891715129601,-0.0017189408023574695,-0.08201795096054039,-0.996629369907767,0.7419138465945766,0.09756523335394542,-0.6633587788458296,0.11569526721573055,-0.9931448036363827,-0.016673456568217806,-0.6604380738382069,-0.06437720287991484,-0.7481157172351335
2021-05-16 02:19:54.020301,1621120794.0203016,0.9981323155057779,0.06075959579670489,-0.0063365812308647,0.06107725218891364,-0.9945999497035459,0.08390774287725529,-0.0012041628320745876,-0.08413805065679132,-0.9964533799549024,0.7427354100419559,0.09677711973559454,-0.6625543749500792,0.11513080832243734,-0.9932212676436627,-0.016012822216533936,-0.6596127709837264,-0.06438713067064357,-0.7488426335079832
2021-05-16 02:19:54.136444,1621120794.1364446,0.9981822244042334,0.06006523818412604,-0.004941057103610437,0.060267966056645805,-0.9946310675660172,0.08412378795489624,0.00013838645859305448,-0.08426865724793271,-0.9964430612206695,0.7415118120369283,0.09549803456012397,-0.6641086944204725,0.11406272062090501,-0.9933528474035133,-0.015486004000058524,-0.6611731455332018,-0.06426698958630182,-0.7474756355060984
2021-05-16 02:19:54.253869,1621120794.2538698,0.9982169055521991,0.059544357255295124,-0.004180788065228655,0.05968634031916738,-0.9948181314991494,0.08230690141079247,0.000741787770935866,-0.08240967637113472,-0.996598261583527,0.7418135913806158,0.09675869094172776,-0.6635889928037056,0.11505906263221385,-0.9932265270324999,-0.016201176042342436,-0.6606617952849926,-0.06433367490048962,-0.7479219013537503
2021-05-16 02:19:54.353351,1621120794.3533509,0.9981228505199438,0.061111359146208986,-0.004022070765812938,0.061234781051932384,-0.9947123179375279,0.08244820272675564,0.0010377183934236552,-0.08253972574859546,-0.99658723492421,0.7419986723639421,0.09584852072045276,-0.6635141530411001,0.11563653145820445,-0.9931906954826931,-0.01415750680452027,-0.6603530592058032,-0.06622162397816352,-0.7480297679338915
2021-05-16 02:19:54.470617,1621120794.4706175,0.998034491094404,0.062435188662597015,-0.0053853321716971275,0.06266670047804575,-0.9946091154578068,0.08261714168036655,-0.0001980836401599571,-0.08279223795081744,-0.9965668096509971,0.7438463395203515,0.09737108535441205,-0.6612197024583268,0.11812500685070643,-0.9929092628933328,-0.013329606788621273,-0.6578290856588016,-0.06819140266575036,-0.7500738808036064
2021-05-16 02:19:54.586610,1621120794.5866106,0.9979495390973976,0.06368273331058225,-0.006420817189808742,0.0639959396497472,-0.9945087844041229,0.08280578150938275,-0.001112260597881424,-0.08304689772126939,-0.9965450193820826,0.7442816481996138,0.09634918634798734,-0.6608794613568705,0.11854636203446459,-0.9928848392756299,-0.011245265003577677,-0.6572606699032433,-0.06997521151584926,-0.750407810175009
2021-05-16 02:19:54.686464,1621120794.6864645,0.9979236311187275,0.06415654078730583,-0.0056890007049750155,0.06440741446042454,-0.9944676664027167,0.08298039191314115,-0.0003337923569178519,-0.08317450783588785,-0.9965349415996013,0.7445795729074385,0.09517653557914074,-0.6607137706179047,0.11744790995448554,-0.9930215064568635,-0.010690002874854703,-0.6571204212747461,-0.06963989366228167,-0.7505618143460313
2021-05-16 02:19:54.803832,1621120794.8038325,0.998011246333111,0.062791415378474,-0.0055489050630115385,0.06303540655519989,-0.9945440678126709,0.083118197159502,-0.00029952136992163376,-0.08330267302669897,-0.9965242470474844,0.7440178695751343,0.09434975841193086,-0.6614646875234451,0.11700586245760444,-0.993080452824578,-0.010042030087760882,-0.6578351145259964,-0.06992379641682528,-0.7499090776829067
2021-05-16 02:19:54.920120,1621120794.92012,0.998091596847431,0.061512191480569925,-0.005423523006599009,0.06175064313649438,-0.9944443599862457,0.08524830182341414,-0.00014958200001275986,-0.08542051972918624,-0.9963449766192537,0.7429752861181006,0.09318007643528878,-0.662801024119034,0.11609955083344523,-0.9931922925385154,-0.009484953260856126,-0.6591726773114909,-0.06990381532936593,-0.748735492739859
2021-05-16 02:19:55.031459,1621120795.031459,0.9981176082790402,0.06122758757820963,-0.0035245656017867826,0.06130455367978739,-0.9944507541162675,0.0854953176244696,0.00172966512674994,-0.08555045386752513,-0.9963323381791891,0.7420615172888414,0.09216790944032666,-0.6639651956453607,0.11540764186641916,-0.9932783491192021,-0.008899290413543901,-0.6603224823961507,-0.07002283656373831,-0.7477105199218166
2021-05-16 02:19:55.141315,1621120795.1413152,0.9981710286932057,0.06025638895837651,-0.0048749427939370135,0.060452452861502345,-0.9944884135165402,0.08566385658130547,0.0003137205367114127,-0.08580188209504193,-0.9963121692563899,0.7425635434979433,0.09384971629695932,-0.6631678630774852,0.11696594676497632,-0.9930898153956221,-0.009570049888175409,-0.659483397186882,-0.07046168681254861,-0.7484095132521899
2021-05-16 02:19:55.252075,1621120795.2520757,0.9981935982206626,0.059914790113898414,-0.004445041832657062,0.0600735585333952,-0.9943239676081944,0.08781238525989943,0.000841449001015691,-0.0879207902916356,-0.9961271136747926,0.7417326420692149,0.0928779107587023,-0.6642336798011081,0.11633062606565711,-0.9931700494937826,-0.008968736125571912,-0.6605299941169931,-0.07061831548271605,-0.7474711903412662
2021-05-16 02:19:55.362885,1621120795.362886,0.9981763121190984,0.06023726775670232,-0.003939733179251209,0.060350145270950575,-0.9942930445003605,0.08797273227528678,0.0013819877320383688,-0.08805006093928312,-0.9961150921848826,0.7408965610909874,0.09376773155744057,-0.6650412756228895,0.11701547168984143,-0.9930831322461984,-0.009657734376298317,-0.6613468569130364,-0.07066473637289664,-0.7467441528961554
2021-05-16 02:19:55.474037,1621120795.4740374,0.9980570335233934,0.062195805686548804,-0.00372015987358425,0.062281472255800545,-0.9941610500858042,0.08811824275336572,0.0017821470573188812,-0.08817872899567222,-0.9961030748394335,0.7419845087277277,0.09272702284475202,-0.6639734091380629,0.11610862256004552,-0.993196159274849,-0.008954159307144959,-0.6602861323511813,-0.07044919045693626,-0.7477025712064129
2021-05-16 02:19:55.584599,1621120795.5845995,0.9981104099917447,0.061235390829585915,-0.0050829495432630455,0.06144497553144691,-0.9941982130483819,0.08828605865788923,0.0003527719537923849,-0.08843155591389441,-0.9960821931299629,0.7410586614811443,0.09171406840922265,-0.6651470438178341,0.11541800779929688,-0.9932817570179726,-0.008368670798357274,-0.6614459492047832,-0.07056827071083903,-0.7466655043923387
2021-05-16 02:19:55.695019,1621120795.6950195,0.9981495452755591,0.06066851784373138,-0.0041007571056404825,0.060790549478369246,-0.9940423006407857,0.09046774912028921,0.0014122182241265648,-0.09054962992424925,-0.9958909429050296,0.7399628710692241,0.09082114366240734,-0.6664881614123718,0.1148883613882383,-0.9933477243862585,-0.007807872576315197,-0.662763618386312,-0.07079419694081421,-0.7454747264817156
2021-05-16 02:19:55.806495,1621120795.8064954,0.9981735279790618,0.060282635014190754,-0.003951196980591834,0.060389311162465605,-0.9938706450159536,0.09259736536692315,0.0016550344880040012,-0.09266684893379301,-0.9956957948939653,0.7411776501655457,0.0899657256696469,-0.6652532293043109,0.1142316760266935,-0.9934289243181688,-0.007077889528605816,-0.6615185674546201,-0.0707470178366583,-0.7465842513608273
2021-05-16 02:19:55.917415,1621120795.9174154,0.9982298718008483,0.05918951573223333,-0.005807260270192049,0.059473044169564365,-0.9939130311343124,0.09273534147566621,-0.0002829517045244696,-0.09291656347921547,-0.9956738583339154,0.7398184825157488,0.08885203218157087,-0.6669137345304115,0.1134039305598509,-0.9935272735600109,-0.006565457028104696,-0.6631803385668724,-0.07077339238454285,-0.7451060095507969
2021-05-16 02:19:56.028241,1621120796.0282414,0.9982593066125415,0.05830012636571766,-0.008913586662477392,0.058877054365458675,-0.9939313100180539,0.09291955356674124,-0.0034422711536085215,-0.0932826148407999,-0.9956337200686648,0.7406783387188574,0.09046567489053282,-0.6657413613553499,0.11487350175600118,-0.9933541783438862,-0.0071801783443739,-0.6619665226784418,-0.0711578388748804,-0.7461480314385804
